joint_names: ["tray_joint"]
up: [[0.0]]
down: [[-3.0415926]]  # [[-3.1415926]]
